340.0116801899	0.0510291621	28.8736970353	0.0063757035
513.6605025725	0.0306963524	48.8779038214	0.0046400247
655.7368117947	0.025579241	47.3289247267	0.0022001768
726.7749664058	0.0227161865	59.4556119233	0.0026214485
749.0882329183	0.0228085732	56.4990527625	0.0021988567
822.4032514592	0.020401568	56.1754528428	0.0014702554
918.0315365126	0.0175590337	61.9856025207	0.0012113701
980.1899217973	0.0164433659	69.8029145589	0.0013563018
1065.5723191664	0.0148824675	78.5415110256	0.0013513199
1118.115332932	0.0142364234	84.2064080792	0.0013652458
1174.8617877989	0.0136187858	85.6625105218	0.0012005641
1211.2916106764	0.0136297119	93.2660808818	0.0013776912
1321.4090298288	0.0120826449	104.5382021162	0.0012976696
1338.7959907476	0.012328708	110.5319067173	0.0014463744
1425.7307953416	0.0115105187	111.9079612236	0.001214886
1568.3038748757	0.0101226219	127.3596322153	0.0011485185
1606.5551888971	0.010227435	130.1888003208	0.0011552729

