366.3616094047	0.0517441386	34.8596914191	0.0080615953
733.2104018007	0.0206701594	65.3589141846	0.0028392089
896.4167038626	0.017285868	85.3886594293	0.0026302011
1064.0076528456	0.0147232205	86.8092666748	0.0017018844
1254.9833854077	0.0128762078	100.9585388483	0.0014414374
1398.2151848292	0.0117942718	125.0611197654	0.0016086775
1398.2151848292	0.0132152684	125.0611197654	0.0020525733
1455.0532004727	0.0157457942	121.9073694889	0.0043702916
1671.0376599178	0.0149231276	147.7874898221	0.0028126276
2000.6981506499	0.0154074548	127.5144582105	0.0008482696
2068.9037694221	0.0150573475	131.7255596502	0.0007892279
2073.4508106735	0.0163483571	128.7162508189	0.0007191865
2117.1024066877	0.0165488797	133.985471794	0.00083323

