108.7795999889	1.1147617711	7.9799067706	0.1363648497
1087.7959998886	0.0243854137	69.4775922119	0.001990887
1359.7449998607	0.0222952354	86.2461519689	0.0031549276
1522.914399844	0.0213283502	96.3519132438	0.0026590435
1582.7431798379	0.0223792233	101.9812118519	0.0026407159
1713.2786998245	0.0224693731	110.184725683	0.0019435849
1843.8142198111	0.0218255496	118.4020348404	0.0017115714
2019.2213247931	0.0204225762	133.5190427416	0.0017231641
2121.2021997827	0.0207048126	140.1087691327	0.0017398454
2304.7677747639	0.0197108963	151.9866528973	0.001647756
2402.2161664206	0.0194299524	161.2522551979	0.0016949279
2471.5364997468	0.0195700053	167.7127898471	0.0017501619
2583.5154997353	0.0188984544	173.1901398375	0.0016420997
2665.100199727	0.0185716247	185.8052882264	0.0017631375

